AccXangle 	 AccYangle
3.267231 	 -15.822815
3.242413 	 -15.239398
3.750109 	 -16.725221
3.446488 	 -16.035660
3.383481 	 -14.871737
3.296734 	 -14.607929
3.260483 	 -16.459282
3.315087 	 -14.696223
3.270982 	 -13.336130
3.206561 	 -14.871737
3.411825 	 -15.209409
3.238237 	 -15.489087
3.391208 	 -15.381430
3.297587 	 -15.153354
3.293326 	 -16.075050
3.361787 	 -14.164664
3.215267 	 -14.645532
3.121088 	 -13.722069
3.434805 	 -14.084608
4.034326 	 -17.653629
3.598322 	 -22.160487
3.542854 	 -14.454135
3.589094 	 -14.303082
3.332269 	 -13.814520
3.347046 	 -14.904956
3.353136 	 -14.129593
3.369612 	 -14.196373
3.180301 	 -13.326169
3.283991 	 -14.553746
3.391917 	 -15.321034
3.372148 	 -14.418363
3.308917 	 -14.732642
3.302940 	 -13.209128
3.257967 	 -12.709149
3.448325 	 -11.177318
3.349688 	 -16.262385
3.341042 	 -13.868317
3.276050 	 -13.629773
2.931554 	 -14.080780
3.079058 	 -8.801538
3.236052 	 -14.736294
3.368612 	 -15.149779
3.048068 	 0.760662
3.103630 	 -13.993876
3.331505 	 -14.432650
4.219588 	 -5.464100
3.005500 	 -14.557345
3.382607 	 -14.189315
3.368740 	 -14.871737
3.255440 	 -14.827668
3.250413 	 -14.535771
3.291349 	 -16.000232
3.122750 	 -15.493683
3.750900 	 -12.506301
3.267612 	 -13.595897
3.315941 	 -14.157636
3.364391 	 -14.582594
3.468331 	 -14.857018
3.338394 	 -15.003299
3.289076 	 -15.787817
3.483054 	 -14.586207
3.924123 	 -22.615149
3.320223 	 -14.175218
3.260483 	 -15.119686
3.254601 	 -14.282818
3.366130 	 -14.046081
3.368740 	 -14.871737
3.390333 	 -13.888996
3.287644 	 -17.123647
3.435336 	 -15.112224
3.342714 	 -14.750917
3.325375 	 -15.010726
3.312524 	 -15.089881
3.340182 	 -15.886553
3.357456 	 -13.875204
3.348804 	 -13.626378
3.366130 	 -14.725344
3.405918 	 -14.571762
3.412080 	 -14.325395
3.412080 	 -14.732642
3.410317 	 -15.265732
3.306353 	 -15.665354
3.315941 	 -14.564550
3.471155 	 -20.678044
3.441783 	 -14.495488
3.116943 	 -16.595292
3.237403 	 -14.542956
3.301237 	 -14.293438
3.468331 	 -14.314727
3.371355 	 -14.611554
3.407913 	 -14.912358
3.331406 	 -12.710588
3.264697 	 -14.597060
3.351400 	 -14.454135
3.350534 	 -15.127155
3.276212 	 -10.963235
0.719960 	 0.780474
2.600619 	 -22.936904
3.244924 	 -15.250672
3.289925 	 -14.307624
3.281983 	 -14.472086
3.373974 	 -13.667227
3.458967 	 -15.014442
2.773785 	 -1.380097
3.199680 	 -13.779331
1.161138 	 -11.620330
3.253763 	 -14.007761
3.440662 	 -16.075050
3.340182 	 -14.000816
3.393835 	 -14.853344
3.100750 	 -14.053035
3.423276 	 -13.902818
3.384223 	 -14.000816
3.391208 	 -14.300527
3.490565 	 -14.286356
3.348804 	 -14.578981
3.377369 	 -14.032122
3.302940 	 -14.436227
3.331505 	 -14.161149
3.284837 	 -14.286356
3.389459 	 -14.157636
3.345350 	 -14.293438
3.392083 	 -14.710769
3.382607 	 -14.325395
3.301237 	 -14.157636
3.410317 	 -14.318281
3.375722 	 -14.493685
3.602514 	 -14.940459
3.369543 	 -14.000816
3.344488 	 -14.289896
3.254601 	 -13.466153
3.229917 	 -10.950515
3.144649 	 -14.527387
3.298685 	 -14.553746
3.321224 	 -14.119105
3.404383 	 -12.153633
3.409436 	 -15.261964
3.383352 	 -13.316222
3.300620 	 -13.143528
3.345350 	 -13.612814
3.399778 	 -14.275745
3.374756 	 -13.885546
3.484280 	 -14.261621
3.308263 	 -14.667214
3.366076 	 -13.986945
3.365260 	 -13.906276
3.395588 	 -14.454135
3.329787 	 -13.609428
3.231578 	 -14.112123
3.458073 	 -14.604304
4.954007 	 -21.479252
3.606995 	 -17.735677
3.455837 	 -17.335620
3.291052 	 -13.436059
3.360890 	 -12.328462
3.197603 	 -13.533504
2.949213 	 -13.143528
3.416220 	 -12.781298
2.765609 	 -15.264833
3.440152 	 -15.194704
3.449574 	 -13.262073
3.422393 	 -13.626378
3.359187 	 -14.289896
3.302088 	 -14.025153
3.347076 	 -13.619593
3.446488 	 -14.692591
3.406797 	 -14.168180
3.337604 	 -13.718557
3.405918 	 -14.164664
3.324644 	 -13.997345
3.283144 	 -12.915349
3.328929 	 -14.421932
3.301237 	 -14.699857
3.356591 	 -14.279280
3.375627 	 -14.025153
3.270139 	 -13.742425
3.389459 	 -13.885546
3.309966 	 -14.133093
3.498679 	 -14.725344
3.357456 	 -14.011237
3.433564 	 -14.834995
3.391208 	 -14.164664
3.447376 	 -13.745842
3.319365 	 -13.626378
3.349669 	 -14.718053
3.328071 	 -14.282818
3.141447 	 -13.573706
3.371279 	 -14.007761
3.442440 	 -14.056568
3.438884 	 -14.992172
3.310628 	 -13.650177
3.362655 	 -14.304074
3.505257 	 -14.827668
3.378135 	 -14.112123
3.279764 	 -13.449417
3.263854 	 -13.366103
3.379004 	 -13.572284
3.430783 	 -10.709353
3.477311 	 -15.972647
3.327095 	 -15.826712
3.333316 	 -12.609201
3.372148 	 -13.739011
3.280609 	 -13.997345
3.410070 	 -13.715154
3.353999 	 -14.268679
3.505257 	 -14.421932
3.535549 	 -15.235643
3.231578 	 -14.382764
3.393661 	 -15.596243
3.472294 	 -14.000816
3.732824 	 -15.812923
3.406797 	 -16.188821
3.159054 	 -13.633169
3.492683 	 -13.173968
3.402407 	 -14.421932
3.348804 	 -14.714410
3.575943 	 -16.157136
3.374666 	 -13.419396
3.385967 	 -13.735597
3.557601 	 -14.396983
3.216317 	 -13.762948
3.358321 	 -15.902139
3.283991 	 -14.418363
3.245401 	 -14.783855
3.420921 	 -13.814520
3.311485 	 -15.149607
3.065587 	 -14.900072
3.334946 	 -13.356097
3.388586 	 -14.018192
3.513405 	 -14.046081
3.315087 	 -14.966273
3.335887 	 -14.659979
3.397153 	 -14.670834
3.469227 	 -14.182263
3.309772 	 -14.056568
3.283991 	 -14.147108
3.499583 	 -14.728993
3.276897 	 -13.906276
3.268454 	 -14.007761
3.309966 	 -14.133093
3.268454 	 -14.007761
3.373887 	 -14.831331
3.315941 	 -14.699857
3.312524 	 -14.279280
3.296985 	 -14.816691
3.376498 	 -14.707130
3.451825 	 -14.578981
3.419745 	 -14.025153
3.427378 	 -15.078733
3.403284 	 -14.289896
3.344488 	 -14.154126
3.413582 	 -14.947826
3.348827 	 -15.992549
2.779952 	 -17.300659
2.570380 	 -10.059760
7.420470 	 -13.962737
3.327214 	 -14.279280
3.372228 	 -13.386157
3.408556 	 -14.582594
3.366130 	 -14.046081
3.560325 	 -14.522582
3.440662 	 -16.342140
3.296136 	 -13.864876
3.275205 	 -14.714410
-3.227253 	 -10.539036
-3.909581 	 -3.949914
-0.275906 	 -23.392806
-6.018059 	 -65.246403
-6.010995 	 -53.543450
-5.806013 	 -33.965097
-5.131112 	 -58.532736
-2.001244 	 -49.928198
-5.311964 	 -42.007549
-3.358293 	 -53.832779
-3.885664 	 -48.494856
-7.091363 	 -51.854588
-5.245715 	 -26.319763
-5.881894 	 -35.962047
3.796771 	 -49.904442
-1.945115 	 -60.753233
-5.459430 	 -59.301875
-3.808444 	 -32.306085
2.664134 	 -10.473510
0.343872 	 -59.607908
0.058850 	 -21.549724
6.475622 	 -53.503798
-1.636738 	 -52.841648
-3.218541 	 -56.989783
2.628504 	 -53.239091
-4.553992 	 -61.297936
-6.240865 	 -50.518563
-3.392299 	 -45.989514
-2.406700 	 -49.909406
-6.210977 	 -68.081644
-4.057186 	 -42.305382
-0.746204 	 -54.055547
-0.083260 	 -56.345769
-9.702018 	 -51.734559
-10.752993 	 -53.114958
-10.032707 	 -58.283990
-5.203261 	 -57.192402
-8.491121 	 -59.335689
-8.178080 	 -54.917011
-3.501358 	 -58.599422
-5.186646 	 -41.202873
-9.111780 	 -11.648644
-11.006150 	 11.754252
-6.884159 	 -57.520239
-3.246731 	 -12.328262
-0.263541 	 46.219518
1.734207 	 -1.452119
1.638518 	 -7.620769
2.891777 	 -8.087925
2.868869 	 -8.106644
2.972738 	 -9.103925
2.920626 	 -8.512832
2.897040 	 -7.959661
2.922143 	 -8.374900
2.944114 	 -8.637260
2.901567 	 -7.971960
2.934665 	 -7.941282
2.964255 	 -8.368464
2.912313 	 -8.913786
2.937713 	 -8.234613
2.888028 	 -7.935174
3.045118 	 -7.778720
2.948695 	 -7.511279
2.936629 	 -8.558867
2.959440 	 -8.253673
3.064144 	 -8.255796
2.918702 	 -8.407232
3.008672 	 -8.409397
2.970419 	 -7.671756
2.952280 	 -7.988419
2.988286 	 -8.148551
2.940465 	 -7.565686
3.091868 	 -7.283536
3.054864 	 -6.690760
2.960982 	 -7.398851
2.959440 	 -6.964437
2.952280 	 -7.270350
3.003974 	 -6.676929
2.857369 	 -6.530936
2.937713 	 -5.798913
3.083003 	 -6.254744
3.019604 	 -7.253466
2.899302 	 -6.387430
3.055394 	 -5.221054
3.025906 	 -5.681322
2.895534 	 -7.526744
3.041380 	 -6.086733
5.215643 	 -7.180220
3.121900 	 -4.943983
3.140135 	 -5.502263
3.086984 	 -2.026764
3.048273 	 -5.352792
3.073036 	 -6.348040
3.061456 	 -4.630441
2.968270 	 -6.201717
3.086186 	 -7.058870
3.059872 	 -6.637479
3.057499 	 -5.486683
3.049852 	 -2.176467
3.092579 	 -4.055799
3.063836 	 -5.498005
3.011713 	 -4.765872
3.041970 	 -6.201717
3.023324 	 -6.050800
3.069861 	 -4.908333
3.030364 	 -5.203558
3.074626 	 -6.208096
3.060664 	 -5.348653
3.054341 	 -5.050658
3.088580 	 -6.206501
3.133637 	 -5.634503
3.029580 	 -5.345897
3.087782 	 -5.918402
3.026449 	 -5.483859
3.082203 	 -5.334901
3.100923 	 -6.773485
3.061456 	 -6.354571
3.090179 	 -4.773252
3.088580 	 -5.345897
3.034129 	 -6.043045
3.078231 	 -6.613693
3.062741 	 -6.326906
3.042757 	 -6.203311
3.013270 	 -6.060133
3.097721 	 -6.052353
3.093728 	 -5.329420
3.023324 	 -6.479446
2.963673 	 -5.046761
3.062741 	 -5.612821
3.055919 	 -5.483859
3.072242 	 -6.060133
3.023324 	 -5.764655
3.096922 	 -5.334901
2.949716 	 -6.622169
3.038829 	 -6.195350
2.980699 	 -6.910904
3.105229 	 -5.895654
2.938787 	 -4.910862
3.174606 	 -6.201717
3.068276 	 -6.481107
3.055130 	 -5.769101
3.050402 	 -5.330789
3.003177 	 -5.611381
3.108431 	 -6.615387
3.026449 	 -6.057019
2.990023 	 -5.757262
2.871651 	 -2.308838
3.009380 	 -5.479630
2.959854 	 -5.898677
2.977623 	 -6.047695
3.108431 	 -5.758739
3.037260 	 -5.476814
3.036477 	 -6.047695
3.059081 	 -5.776525
3.034911 	 -5.615702
3.034911 	 -5.472595
3.032565 	 -5.754309
2.988482 	 -5.754309
3.031003 	 -5.322585
2.942879 	 -5.465578
3.106829 	 -6.184239
2.970725 	 -6.603551
3.048830 	 -5.757262
3.056709 	 -5.772068
3.048830 	 -6.043045
3.075852 	 -6.038401
3.069861 	 -6.341522
2.979930 	 -5.909282
3.029580 	 -5.919925
3.011713 	 -5.913839
3.038829 	 -5.766136
3.050402 	 -6.188996
3.003951 	 -6.041496
3.069068 	 -6.482770
3.082203 	 -5.764655
3.090179 	 -6.352937
3.008603 	 -6.193760
2.978392 	 -5.620029
3.005500 	 -6.187410
3.002404 	 -6.608618
3.065111 	 -5.760217
3.005500 	 -6.615387
3.020985 	 -6.046144
3.030223 	 -6.605239
2.974554 	 -7.039023
3.034911 	 -6.330148
3.055130 	 -6.770012
3.041970 	 -5.915359
2.692297 	 -3.765017
2.641980 	 -1.912294
3.384223 	 -2.595732
3.112443 	 -4.330993
2.923289 	 -3.902322
3.001630 	 -1.586550
2.823759 	 -3.907364
2.858422 	 -6.044594
2.910054 	 -3.904338
2.993110 	 -5.046761
2.910054 	 -4.336581
3.055654 	 -3.739872
2.980036 	 -4.166744
3.055130 	 -4.620896
2.993882 	 -5.764655
3.088580 	 -4.914661
3.029718 	 -5.227814
2.802215 	 -6.082022
1.482351 	 -7.794686
2.859897 	 -3.320464
3.535435 	 -2.030442
6.814689 	 -1.894854
2.730871 	 -10.391765
3.865420 	 3.518899
2.625846 	 -9.994586
3.524488 	 7.322916
3.025786 	 -7.376015
7.369780 	 0.593632
2.411171 	 -0.291770
3.195818 	 -1.732485
2.371619 	 -6.288254
2.097495 	 -8.981922
2.462400 	 0.294293
1.552585 	 -1.382713
-2.695187 	 -10.545750
-2.110999 	 -13.892449
-1.125380 	 7.441095
7.480260 	 11.674762
9.337932 	 -6.428981
0.691974 	 -12.765354
0.791755 	 -0.574534
5.245076 	 16.704488
5.875036 	 -10.608931
5.121669 	 -24.013686
2.700667 	 -4.588506
3.020822 	 -9.419951
1.878610 	 -23.594461
1.579961 	 -11.455757
4.436886 	 -10.140034
4.333344 	 -8.033720
7.212123 	 -1.248294
2.491718 	 9.650688
3.329369 	 4.182775
7.300554 	 7.469648
8.972624 	 41.853818
10.587555 	 59.464004
9.564686 	 58.735937
7.669587 	 23.456597
5.884381 	 -40.032412
-3.750209 	 -60.949753
3.085893 	 -74.542223
8.253672 	 -70.909847
10.945289 	 -76.523996
-4.669869 	 -39.931007
2.650430 	 -69.081398
6.411520 	 -63.749700
2.418103 	 -70.778481
5.657998 	 -75.686183
4.863403 	 -66.805805
1.103642 	 -66.480800
0.075809 	 -60.324380
-5.310205 	 6.752538
-6.982013 	 -10.353192
-5.364095 	 -22.971119
-3.783435 	 53.914338
0.830941 	 71.083623
6.763392 	 70.672981
14.114247 	 23.723189
13.359872 	 -50.774249
8.811580 	 -45.681040
5.459777 	 -12.439297
5.432831 	 -26.459219
0.779344 	 -10.211744
3.698610 	 69.230260
3.072767 	 63.288336
0.631272 	 68.125684
2.500529 	 55.331593
-1.867335 	 24.415950
0.266817 	 10.826598
0.106585 	 3.488391
-10.783644 	 31.361623
-12.345369 	 -3.019827
-12.025085 	 -1.816291
4.321648 	 -51.285669
4.131224 	 -66.255769
8.393316 	 -71.443515
14.138977 	 -69.030453
13.819527 	 -51.923651
12.998514 	 -35.946800
12.941006 	 -59.861920
7.868753 	 -49.629377
7.222087 	 -72.335265
10.727072 	 -53.118634
5.969188 	 -39.656113
-3.111523 	 -52.053138
-3.415150 	 -26.780812
-3.837707 	 -54.607166
-3.624162 	 -20.754877
-7.490722 	 -56.182042
-7.802872 	 -56.434626
-13.244565 	 -31.347073
-10.241294 	 -49.004922
-2.816672 	 -31.310045
4.775120 	 -11.596273
3.520855 	 -3.463595
3.527367 	 -12.758988
3.368485 	 -7.083453
3.235737 	 -14.670834
3.482488 	 -3.023712
3.778465 	 -4.175311
3.649683 	 -2.896369
6.965825 	 -8.774509
3.260055 	 -9.698886
3.491476 	 -4.818013
3.345388 	 -6.448033
3.409681 	 -8.941150
3.472815 	 -5.347274
4.127376 	 -9.775440
2.887655 	 -12.857592
3.725283 	 -4.918466
3.905581 	 -14.813388
3.522503 	 -6.504461
3.678199 	 -11.349176
2.927071 	 -9.619694
3.177069 	 -9.758050
3.541116 	 -7.735149
3.349707 	 -6.569966
3.627306 	 -9.573756
3.994195 	 -8.439333
4.008831 	 -10.123225
0.247807 	 -13.320269
3.423439 	 -5.399431
8.571783 	 -1.314812
14.417932 	 50.026811
13.318141 	 69.192547
9.157231 	 64.669825
13.509333 	 64.765859
16.378141 	 53.597818
12.078209 	 42.942992
12.869970 	 29.150253
9.277364 	 29.519866
7.626639 	 11.695458
5.524737 	 5.197412
6.796146 	 12.737478
7.740221 	 -24.998936
7.346165 	 -20.322086
5.049938 	 1.097600
4.862219 	 -20.259111
4.653597 	 -15.847154
5.450907 	 13.866117
3.200726 	 -1.444278
2.737668 	 -12.621245
5.031809 	 -16.378880
0.101470 	 -11.487362
1.210942 	 -33.469528
0.098615 	 -9.032587
0.112259 	 -7.246480
1.373360 	 -44.719290
1.532579 	 6.481223
1.735841 	 -6.772074
-1.294572 	 -40.756904
2.372193 	 -11.778023
2.128360 	 -4.686244
3.444841 	 -37.275950
2.476245 	 -16.996251
0.962076 	 -42.517861
4.355096 	 -27.076998
-0.140730 	 12.020903
0.713125 	 -36.860508
2.733349 	 -30.693198
0.247681 	 -33.528436
-2.861026 	 -46.840987
-8.145170 	 -40.254507
1.271064 	 -25.134213
3.441045 	 -18.003275
-10.522043 	 -46.234068
-10.766013 	 -60.785087
-12.733093 	 -62.193812
-9.479262 	 -60.207766
-4.234309 	 -55.114859
5.424217 	 -28.325659
10.079617 	 -1.022435
10.409900 	 -6.725588
9.792986 	 -7.223640
9.935001 	 -5.244111
9.581476 	 -9.346486
10.478675 	 -5.860998
10.198636 	 -3.967855
10.537864 	 -5.104526
9.179408 	 -12.161949
10.426238 	 -7.534919
10.251516 	 -9.502179
10.296466 	 -9.033577
10.697990 	 -2.768978
10.292245 	 -7.087938
10.064338 	 -3.326469
10.320828 	 -6.782185
10.001046 	 -3.319608
9.301567 	 -6.568704
9.712150 	 -5.272876
9.518184 	 -10.072682
9.784698 	 -7.493579
9.494228 	 -4.151342
10.493806 	 -6.200960
9.902476 	 -2.780563
10.185967 	 -10.247290
10.532527 	 -4.166823
9.807248 	 -4.665375
10.001935 	 -8.334299
10.685804 	 -10.383077
10.286845 	 -7.166543
10.311111 	 -5.276563
10.037298 	 -4.120730
9.878405 	 -9.248474
10.000933 	 -10.547323
9.623145 	 -12.923081
9.899714 	 -5.482906
10.044923 	 -2.487611
10.282651 	 -9.463824
10.019092 	 -8.101563
9.897319 	 -7.062490
10.588309 	 -7.370328
9.838785 	 -12.585904
9.710709 	 -13.427251
9.694711 	 -14.889741
9.260765 	 -6.790982
10.395564 	 -6.943998
10.669284 	 -5.758739
10.580247 	 -3.769891
10.967770 	 -5.783434
10.124605 	 -3.115064
10.241464 	 -6.615387
10.336731 	 -9.409812
9.749832 	 -12.480745
9.852282 	 -5.748414
10.276063 	 -5.203981
10.084197 	 -5.634618
9.599744 	 -1.298196
10.341425 	 -3.564957
10.088406 	 -13.517301
12.712282 	 4.540112
20.948029 	 40.996134
21.717531 	 38.447900
18.147829 	 -18.012042
16.326260 	 -37.878868
18.208792 	 -30.925451
16.054120 	 -24.549276
13.169106 	 -7.635197
6.103879 	 -17.694820
0.018493 	 -29.506123
-0.649997 	 -10.689434
-0.963019 	 -29.656292
-4.144586 	 -34.297439
-3.348193 	 -18.242906
-1.764120 	 -15.704744
0.664081 	 -12.230571
-0.724342 	 11.258989
-3.206919 	 1.130563
-4.395131 	 -17.513015
-4.232513 	 -33.302739
-8.240708 	 -20.046620
-7.393641 	 -14.644442
-2.313924 	 -20.612900
-5.779725 	 -6.696395
-8.490118 	 -13.445482
-11.635442 	 -16.793455
-4.870963 	 -13.691587
0.816462 	 -15.732313
-0.496204 	 -12.187975
0.454780 	 -15.424643
1.385532 	 -16.298181
0.737089 	 -13.055697
1.941837 	 -17.525761
6.591242 	 -17.454266
12.483779 	 -20.254002
16.039902 	 -19.680614
14.517067 	 -29.467837
16.335217 	 -33.737885
6.874438 	 -9.056767
5.945404 	 23.878819
4.766860 	 -8.557607
0.303914 	 22.490275
12.356153 	 -40.967640
6.057990 	 17.002277
1.823176 	 -0.140673
1.237582 	 3.336571
1.632628 	 9.391168
7.423580 	 -1.436455
7.040044 	 -12.518971
0.300889 	 -13.632243
1.222916 	 -0.151662
-4.151127 	 -26.087027
-2.429386 	 -31.058892
-0.739527 	 -20.772036
-0.323694 	 -13.066778
-0.863173 	 -14.837498
0.591210 	 -17.924746
-3.446504 	 -17.069137
0.442143 	 -18.720311
-3.356038 	 -37.813008
-1.806490 	 -3.012440
-2.983801 	 -33.903330
-2.829233 	 -6.468119
-3.759770 	 -19.132623
0.400527 	 -20.319504
0.240977 	 -0.555418
7.940720 	 -9.710926
10.851986 	 -19.310942
8.428200 	 -26.862376
2.622512 	 -10.764764
2.637308 	 -27.801527
2.810158 	 -20.211015
-2.024187 	 -15.064986
3.317547 	 -12.712094
1.964926 	 -0.458463
4.569947 	 -12.537924
0.054392 	 -12.708118
6.531431 	 -40.812100
5.556983 	 -30.794501
2.423561 	 -17.306245
1.530546 	 -29.576716
2.240307 	 -8.319439
6.143083 	 -13.256781
3.409064 	 -12.233591
2.379057 	 -26.227985
9.032769 	 -5.634739
5.894212 	 -10.987264
5.645818 	 -21.845991
1.182348 	 -13.935169
2.322574 	 -29.484134
0.917754 	 -39.784425
1.129507 	 -9.166060
1.448650 	 -14.178364
0.799514 	 -14.900207
-2.374052 	 -8.377048
0.897963 	 -1.985655
6.266830 	 -7.304615
5.246135 	 -7.654787
10.237866 	 -32.698208
5.865586 	 -8.719919
4.371042 	 -11.019260
4.256681 	 -18.571716
9.252309 	 -27.615016
9.710623 	 -27.086215
5.158941 	 -32.911139
-2.823577 	 -13.382591
0.000002 	 15.178065
2.917639 	 -9.956335
5.757190 	 -22.368109
7.059064 	 -25.589949
0.193453 	 -22.024889
-2.351249 	 -3.079966
-2.501384 	 -2.850635
0.430053 	 -12.973895
2.920107 	 -23.949298
0.161668 	 -2.446031
0.759280 	 -13.594690
-0.457244 	 -30.657987
-4.601393 	 2.881618
-6.005643 	 -25.210144
-2.951885 	 -37.956853
-4.800545 	 -31.526986
-4.192518 	 22.485068
-4.239179 	 15.163705
-6.925126 	 2.261365
-12.555266 	 13.127569
-9.929062 	 -7.640790
-9.439517 	 -16.596315
-13.760025 	 -35.966268
-12.320776 	 -50.506434
-7.875999 	 -48.083490
-3.832012 	 -43.408173
3.274708 	 -20.530967
2.701551 	 -19.248522
2.643874 	 -22.015221
6.732944 	 -4.742653
10.213097 	 8.743914
16.689544 	 22.171364
12.210288 	 -24.514631
14.135051 	 -26.503958
12.726541 	 -59.070183
11.532358 	 -66.724363
13.873356 	 -71.524417
18.193998 	 -63.642340
17.303327 	 -51.381657
13.645223 	 24.837802
15.185370 	 24.795402
14.013298 	 32.047812
12.403138 	 11.374954
13.619902 	 7.700972
8.760939 	 6.483909
10.403414 	 21.005582
10.994827 	 20.397872
11.942608 	 10.260943
6.838876 	 -0.293300
0.396701 	 -38.553190
6.478666 	 11.807480
1.969485 	 -7.674037
2.964043 	 2.185237
2.902256 	 -28.745503
3.449991 	 -14.510549
5.414245 	 -22.987963
3.364391 	 -38.239727
5.005027 	 -15.819784
0.404243 	 8.010811
2.088005 	 -22.797902
5.217333 	 -18.449816
2.368780 	 31.639983
5.245762 	 22.454962
6.378788 	 -1.344308
5.971599 	 -30.029231
6.016918 	 -42.370558
7.098850 	 -31.150127
7.210121 	 -31.941115
3.693420 	 -2.186462
1.914265 	 -11.432320
0.658239 	 -22.703229
0.889499 	 2.554644
2.399155 	 -24.501228
3.322701 	 -20.646967
1.726996 	 -19.253925
2.526748 	 -18.882068
5.923253 	 -27.322557
4.071544 	 17.055339
8.488919 	 1.086343
4.284532 	 -24.380901
3.288823 	 -15.913546
2.341040 	 -27.829562
0.328512 	 -12.662222
6.330242 	 -7.717390
6.126765 	 -17.169292
5.036881 	 -25.347831
6.664633 	 34.980810
1.878053 	 -16.733535
-5.517426 	 -39.008536
-12.279405 	 -50.228836
-10.812515 	 -30.585186
-14.966183 	 18.278485
-5.251403 	 64.022681
4.151389 	 70.372871
13.427313 	 61.373906
20.261589 	 20.237998
20.719038 	 -24.919934
21.156975 	 -40.514913
20.357518 	 -55.619147
13.052721 	 -21.748940
9.281648 	 24.933313
9.898435 	 -12.998566
7.801392 	 35.078747
8.074949 	 -32.435454
9.741493 	 9.716037
4.637508 	 4.350817
7.196256 	 -22.361686
10.116764 	 39.789956
5.707737 	 35.437301
7.941274 	 53.587821
5.255175 	 19.752081
1.432232 	 -6.229195
-0.409027 	 -26.230167
3.255937 	 -20.993680
1.220280 	 -13.518418
9.145087 	 -51.391572
12.810473 	 -71.710817
16.435741 	 -66.340344
15.506552 	 -55.791492
7.773047 	 28.499992
4.947745 	 -33.236852
2.772287 	 -56.840378
6.661558 	 -62.385353
6.479823 	 -6.714247
7.593236 	 -62.540719
-1.775500 	 -65.666727
5.193271 	 -46.300545
4.406966 	 -25.099473
3.013045 	 -4.535576
-2.716592 	 -33.891436
-1.724966 	 12.436519
1.252508 	 -32.722126
0.102564 	 -15.672243
-5.055997 	 4.848196
1.229868 	 -25.036050
-0.462223 	 -41.727918
-5.531779 	 -14.505923
-1.124511 	 -9.418811
-3.186917 	 -41.920262
-0.404170 	 -15.149949
3.316300 	 -12.820082
6.272520 	 -12.124837
2.828735 	 -20.856475
-3.611985 	 -17.145511
3.655737 	 -8.251551
3.481256 	 -14.443385
4.204458 	 -18.644790
7.222907 	 -18.378164
3.963764 	 -20.235105
4.385832 	 -17.623685
3.552028 	 -17.309106
3.483054 	 -17.130650
3.608270 	 -15.561736
3.576978 	 -17.620575
3.484528 	 -17.603377
3.465734 	 -18.314953
0.322006 	 -17.891062
3.801932 	 -20.422854
3.279438 	 -18.064473
3.319213 	 -16.927877
3.541939 	 -15.531066
3.217978 	 -15.531066
3.413223 	 -19.835165
3.637134 	 -17.492513
3.478211 	 -18.752858
3.731505 	 -19.295673
3.305499 	 -18.046986
3.497504 	 -19.165510
3.206876 	 -17.555991
3.444221 	 -17.023275
3.752639 	 -16.548367
3.885397 	 -15.953000
3.493880 	 -18.235025
3.824599 	 -17.206120
0.532230 	 -15.941236
4.007116 	 -21.546664
3.567753 	 -18.772281
10.264801 	 -10.681454
8.659456 	 -23.121724
6.270672 	 -46.486726
4.015494 	 -53.458534
7.910415 	 -50.681716
10.754234 	 -40.245265
5.680586 	 -54.054449
6.842669 	 -70.391995
4.288980 	 -61.270629
14.702967 	 -65.887274
12.591585 	 -56.401246
7.392147 	 6.959565
8.441056 	 30.752274
15.270013 	 57.778351
10.063649 	 59.466859
7.683166 	 37.713240
6.389536 	 -3.024490
2.328925 	 -9.895539
8.405377 	 -17.232605
4.945349 	 -31.206955
3.604027 	 14.340640
6.890230 	 -5.323950
7.290549 	 23.705808
11.589923 	 30.398770
11.902303 	 13.029045
7.625716 	 -20.401630
2.301421 	 -36.992869
2.457890 	 1.811160
-1.714471 	 -35.741682
4.609908 	 -24.100794
6.485308 	 -22.181387
8.087922 	 -14.992172
9.037873 	 -19.191631
