0.266380178
0.256866594
0.278272136
0.271136961
0.249731401
0.244974636
0.278272136
0.247353028
0.223569076
0.249731401
0.256866594
0.261623395
0.259244985
0.254488221
0.271136961
0.237839444
0.247353028
0.228325859
0.235461052
0.278272136
0.380543117
0.242596227
0.237839444
0.230704251
0.249731401
0.237839444
0.237839444
0.223569076
0.244974636
0.259244985
0.242596227
0.247353028
0.221190666
0.216433902
0.187893167
0.275893763
0.233082661
0.228325859
0.237839444
0.147460456
0.247353028
0.256866594
-0.012107288
0.235461052
0.242596227
0.085622204
0.244974636
0.237839444
0.249731401
0.249731401
0.244974636
0.26875857
0.264001787
0.204541926
0.228325859
0.237839444
0.244974636
0.249731401
0.252109811
0.266380178
0.244974636
0.399570249
0.237839444
0.254488221
0.240217835
0.235461052
0.249731401
0.233082661
0.28778572
0.254488221
0.247353028
0.252109811
0.254488221
0.26875857
0.233082661
0.228325859
0.247353028
0.244974636
0.240217835
0.247353028
0.256866594
0.264001787
0.244974636
0.352002382
0.247353028
0.283028955
0.244974636
0.240217835
0.240217835
0.244974636
0.249731401
0.2116771
0.244974636
0.242596227
0.254488221
0.180757974
-0.012107288
0.416219026
0.256866594
0.240217835
0.242596227
0.228325859
0.252109811
0.023783945
0.244974636
0.206920317
0.235461052
0.271136961
0.235461052
0.249731401
0.237839444
0.233082661
0.235461052
0.240217835
0.240217835
0.244974636
0.235461052
0.242596227
0.237839444
0.240217835
0.237839444
0.240217835
0.247353028
0.240217835
0.237839444
0.240217835
0.242596227
0.252109811
0.235461052
0.240217835
0.225947486
0.183136366
0.247353028
0.244974636
0.237839444
0.202163516
0.256866594
0.223569076
0.221190666
0.228325859
0.240217835
0.233082661
0.240217835
0.247353028
0.235461052
0.233082661
0.242596227
0.228325859
0.237839444
0.244974636
0.361515948
0.309191262
0.294920913
0.225947486
0.206920317
0.225947486
0.221190666
0.214055492
0.259244985
0.254488221
0.221190666
0.228325859
0.240217835
0.235461052
0.228325859
0.247353028
0.237839444
0.230704251
0.237839444
0.235461052
0.216433902
0.242596227
0.247353028
0.240217835
0.235461052
0.230704251
0.233082661
0.237839444
0.247353028
0.235461052
0.249731401
0.237839444
0.230704251
0.228325859
0.247353028
0.240217835
0.230704251
0.235461052
0.235461052
0.252109811
0.228325859
0.240217835
0.249731401
0.237839444
0.225947486
0.223569076
0.228325859
0.180757974
0.26875857
0.266380178
0.2116771
0.230704251
0.235461052
0.230704251
0.240217835
0.242596227
0.256866594
0.242596227
0.264001787
0.235461052
0.26875857
0.273515371
0.228325859
0.218812293
0.242596227
0.247353028
0.273515371
0.225947486
0.230704251
0.242596227
0.230704251
0.26875857
0.242596227
0.249731401
0.230704251
0.254488221
0.252109811
0.223569076
0.235461052
0.235461052
0.252109811
0.247353028
0.247353028
0.237839444
0.235461052
0.237839444
0.247353028
0.233082661
0.235461052
0.237839444
0.235461052
0.249731401
0.247353028
0.240217835
0.249731401
0.247353028
0.244974636
0.235461052
0.254488221
0.240217835
0.237839444
0.252109811
0.271136961
0.30681287
0.168866017
0.235461052
0.240217835
0.223569076
0.244974636
0.235461052
0.242596227
0.275893763
0.233082661
0.247353028
0.202163516
0.068973441
0.390056683
2.064446317
1.153521308
0.711139903
1.676768172
1.075034279
0.799140498
1.327144145
1.091683056
0.972763334
0.475678887
0.689734342
1.029844804
1.560226732
1.619686629
0.563679483
0.173622781
1.586389075
0.373407906
1.260549036
1.336657711
1.446063793
1.210602778
1.681524882
1.191575646
0.994168821
1.124980537
2.247582866
0.903789944
1.277197813
1.496010125
1.284333024
1.491253415
1.890823481
1.705308724
1.850390862
1.491253415
1.453199004
0.856221967
0.202163516
-0.19613807
1.531686034
0.221190666
-1.094498856
0.023783945
0.126054905
0.133190089
0.133190089
0.149838848
0.140325273
0.130811698
0.137946881
0.142703664
0.130811698
0.130811698
0.137946881
0.147460456
0.135568481
0.130811698
0.128433297
0.123676514
0.140325273
0.135568481
0.135568481
0.137946881
0.137946881
0.126054905
0.130811698
0.133190089
0.123676514
0.118919722
0.109406147
0.121298113
0.11416293
0.118919722
0.109406147
0.11416293
0.095135779
0.102270963
0.118919722
0.104649354
0.085622204
0.092757379
0.123676514
0.099892562
0.121298113
0.080865412
0.090378987
0.033297522
0.088000596
0.104649354
0.076108624
0.102270963
0.11654133
0.109406147
0.090378987
0.035675916
0.066595045
0.090378987
0.07848702
0.102270963
0.099892562
0.080865412
0.085622204
0.102270963
0.088000596
0.083243803
0.102270963
0.092757379
0.088000596
0.097514171
0.090378987
0.088000596
0.111784538
0.104649354
0.07848702
0.088000596
0.099892562
0.109406147
0.104649354
0.102270963
0.099892562
0.099892562
0.088000596
0.107027746
0.083243803
0.092757379
0.090378987
0.099892562
0.095135779
0.088000596
0.109406147
0.102270963
0.11416293
0.097514171
0.080865412
0.102270963
0.107027746
0.095135779
0.088000596
0.092757379
0.109406147
0.099892562
0.095135779
0.038054312
0.090378987
0.097514171
0.099892562
0.095135779
0.090378987
0.099892562
0.095135779
0.092757379
0.090378987
0.095135779
0.095135779
0.088000596
0.090378987
0.102270963
0.109406147
0.095135779
0.095135779
0.099892562
0.099892562
0.104649354
0.097514171
0.097514171
0.097514171
0.095135779
0.102270963
0.099892562
0.107027746
0.095135779
0.104649354
0.102270963
0.092757379
0.102270963
0.109406147
0.095135779
0.109406147
0.099892562
0.109406147
0.11654133
0.104649354
0.111784538
0.097514171
0.061838257
0.030919128
0.042811102
0.071351832
0.064216648
0.026162339
0.064216648
0.099892562
0.064216648
0.083243803
0.071351832
0.061838257
0.068973441
0.076108624
0.095135779
0.080865412
0.085622204
0.099892562
0.128433297
0.054703073
0.033297522
0.030919128
0.173622781
-0.058114983
0.168866017
-0.121072886
0.121298113
-0.009685831
0.004756789
0.028540732
0.104649354
0.149838848
-0.004842915
0.021405551
0.173622781
0.233082661
-0.123494346
-0.19371661
0.104649354
0.214055492
0.009513578
-0.285732014
0.180757974
0.40670546
0.07848702
0.164109215
0.413840635
0.192649932
0.171244408
0.128433297
0.021405551
-0.162237668
-0.072643733
-0.123494346
-0.840245766
-1.554575837
-1.547311402
-0.457655503
0.777735011
1.762390266
2.882614167
2.751802305
3.798295739
1.006060889
2.497313938
1.83136373
2.226177086
3.764998477
2.197636534
2.142933347
1.610173063
-0.121072886
0.152217249
0.387678291
-1.271265228
-2.540109124
-2.97112844
-0.404383458
1.155899737
0.901411443
0.223569076
0.390056683
0.173622781
-2.426300673
-2.121197053
-2.469886988
-1.382652348
-0.520613424
-0.169502047
-0.055693528
-0.583571308
0.049946281
0.030919128
1.222494699
2.368880869
2.651909934
2.235690798
1.229629983
0.642166512
1.496010125
1.03935837
2.442611189
1.127358965
0.746815812
1.086926273
0.444759761
1.2248732
0.337732033
1.41038803
1.424658306
0.537517139
1.084547845
0.57557144
0.195028342
0.057081465
0.214055492
0.118919722
0.247353028
0.049946281
0.068973441
0.04756789
0.145082065
0.161730824
0.07848702
0.107027746
0.147460456
0.088000596
0.161730824
0.216433902
0.080865412
0.247353028
0.107027746
0.190271558
0.159352432
0.161730824
0.128433297
0.109406147
0.156974041
0.140325273
0.168866017
0.225947486
0.083243803
0.021405551
-1.10176329
-2.49652281
-1.762821352
-1.985595299
-1.261579462
-0.883832081
-0.537563625
-0.552092348
-0.19855953
-0.092015394
-0.225195552
0.411462243
0.330596822
-0.019371661
0.387678291
0.261623395
-0.200981008
0.026162339
0.206920317
0.254488221
0.195028342
0.630274518
0.156974041
0.126054905
0.972763334
-0.104122685
0.11416293
0.837194835
0.221190666
0.080865412
0.696869627
0.271136961
0.808654064
0.497084411
-0.23003849
0.687355987
0.549409134
0.632652873
1.065520713
0.934708997
0.420975809
0.304434497
1.025088021
1.719579292
1.95741859
1.655362539
1.327144145
0.537517139
0.016648761
0.109406147
0.118919722
0.085622204
0.152217249
0.095135779
0.064216648
0.083243803
0.199785125
0.121298113
0.154595631
0.147460456
0.045189494
0.11654133
0.054703073
0.111784538
0.054703073
0.107027746
0.085622204
0.164109215
0.121298113
0.066595045
0.095135779
0.045189494
0.171244408
0.064216648
0.076108624
0.137946881
0.161730824
0.118919722
0.088000596
0.071351832
0.149838848
0.171244408
0.209298709
0.088000596
0.040432706
0.147460456
0.135568481
0.11654133
0.121298113
0.206920317
0.218812293
0.242596227
0.109406147
0.107027746
0.095135779
0.061838257
0.092757379
0.049946281
0.109406147
0.152217249
0.204541926
0.095135779
0.090378987
0.090378987
0.021405551
0.061838257
0.218812293
-0.072643733
-0.801502481
-0.724015837
0.304434497
0.718275114
0.539895531
0.401948641
0.121298113
0.302056106
0.425732629
0.192649932
0.506598013
0.701626337
0.304434497
0.237839444
0.199785125
-0.19371661
-0.019371661
0.302056106
0.644544867
0.356759202
0.252109811
0.361515948
0.11416293
0.228325859
0.28778572
0.233082661
0.26875857
0.204541926
0.261623395
0.275893763
0.218812293
0.275893763
0.297299304
0.349623991
0.340110425
0.549409134
0.620760952
0.156974041
-0.440705338
0.133190089
-0.435862382
0.832438052
-0.283310535
0.002378395
-0.055693528
-0.154973288
0.023783945
0.206920317
0.235461052
0.002378395
0.46378693
0.568436266
0.361515948
0.237839444
0.254488221
0.304434497
0.28778572
0.309191262
0.718275114
0.052324677
0.646923295
0.111784538
0.323461648
0.347245563
0.009513578
0.154595631
0.337732033
0.478057279
0.178379601
0.494706056
0.349623991
0.266380178
0.206920317
0.007135183
0.228325859
0.230704251
0.780113366
0.563679483
0.294920913
0.520868399
0.137946881
0.240217835
0.192649932
0.437624586
0.088000596
0.159352432
0.366272731
0.256866594
0.528003573
0.782491794
0.156974041
0.244974636
0.259244985
0.137946881
0.033297522
0.121298113
0.123676514
0.585085043
0.135568481
0.199785125
0.349623991
0.470922104
0.428110984
0.596977
0.216433902
-0.266360353
0.183136366
0.368651159
0.432867803
0.378164725
0.049946281
0.04756789
0.223569076
0.437624586
0.040432706
0.225947486
0.537517139
-0.048429153
0.432867803
0.744437457
0.577949868
-0.39227614
-0.266360353
-0.038743322
-0.23972433
0.123676514
0.280650546
0.661193644
1.15114288
1.048871936
0.906168299
0.354380774
0.330596822
0.380543117
0.07848702
-0.152551837
-0.372904461
0.432867803
0.449516544
1.548334811
2.171474191
2.780343149
1.809958097
1.10833176
-0.440705338
-0.414069261
-0.605364393
-0.19855953
-0.130758716
-0.101701225
-0.355954296
-0.355954296
-0.174344949
0.004756789
0.782491794
-0.191295168
0.137946881
-0.036321867
0.528003573
0.261623395
0.416219026
0.680220849
0.256866594
-0.116229966
0.411462243
0.328218431
-0.556935304
-0.404383458
0.021405551
0.57557144
0.901411443
0.518489971
0.585085043
0.038054312
0.199785125
0.40670546
-0.041164782
0.430489375
0.382921508
0.323461648
0.342488816
0.435246195
-0.292996375
-0.019371661
0.418597418
0.278272136
0.482814098
0.199785125
0.123676514
0.283028955
0.442381333
-0.68769403
0.278272136
0.784870149
1.101196622
0.57557144
-0.292996375
-1.847572212
-2.673289109
-1.721656369
-0.346268456
0.382921508
0.768221372
1.284333024
0.36389434
-0.401962016
0.187893167
-0.714329997
0.585085043
-0.150130377
-0.072643733
0.361515948
-0.832981478
-0.646529193
-1.295479864
-0.309946576
0.097514171
0.482814098
0.373407906
0.252109811
1.220116417
2.930181851
1.92174268
1.217737989
-0.491555941
0.646923295
1.388982251
1.895580337
0.121298113
1.657740894
2.04779754
1.020331238
0.447138152
0.076108624
0.665950427
-0.215509731
0.577949868
0.266380178
-0.082329564
0.454273363
0.880005956
0.230704251
0.156974041
0.875249173
0.259244985
0.2116771
0.199785125
0.378164725
0.273515371
0.135568481
0.242596227
0.318704865
0.316326437
0.344867171
0.299677696
0.292542521
0.29016413
0.261623395
0.297299304
0.297299304
0.309191262
0.30681287
0.349623991
0.30681287
0.285407329
0.261623395
0.261623395
0.337732033
0.294920913
0.318704865
0.325840039
0.30681287
0.325840039
0.313948082
0.28778572
0.278272136
0.26875857
0.309191262
0.29016413
0.26875857
0.344867171
0.316326437
0.176001191
0.399570249
0.975141689
1.236765048
1.077412707
0.780113366
1.272441103
2.459259966
1.931256393
2.08585195
1.336657711
-0.121072886
-0.581149867
-1.35601638
-1.651434233
-0.726437315
0.049946281
0.176001191
0.271136961
0.601733783
-0.254253053
0.088000596
-0.411647783
-0.537563625
-0.200981008
0.316326437
0.737302319
-0.031478949
0.661193644
0.416219026
0.380543117
0.252109811
0.304434497